75 21 67 27
83 63 83 12
46 86 47 57
89 52 35 42
45 43 19 33
44 98 93 33
21 13 99 72
48 15 43 14
84 35 28 19
78 94 34 30
93 64 48 87
26 25 75 60
37 49 80 30
69 17 92 55
44 63 16 31
30 49 53 71
15 37 76 40
33 17 29 13
38 79 62 24
96 13 19 33
86 97 31 18
88 97 40 58
17 15 11 68
72 51 91 85
77 37 92 35
76 64 16 38
70 34 10 17
94 67 38 72
29 81 48 81
66 35 62 36
77 85 34 20
49 70 42 85
39 11 23 56
28 82 72 36
51 87 43 96
40 51 65 54
54 23 20 13
77 12 89 98
69 39 26 28
45 59 79 35
37 36 66 75
53 12 61 15
39 29 79 44
70 41 95 10
51 22 69 31
42 96 47 63
32 56 18 42
16 66 93 87
82 14 89 86
21 91 56 82
91 23 65 79
55 18 30 23
80 84 46 17
24 62 21 46
32 10 81 68
54 52 74 88
41 37 36 60
80 42 49 93
50 91 73 44
95 21 41 22
90 19 20 55
73 71 73 68
80 40 65 28
73 52 76 53
64 14 90 94
98 86 83 18
69 60 76 57
27 34 59 13
61 66 34 71
89 26 31 33
74 52 38 30
60 74 67 90
77 82 36 11
58 84 19 45
81 12 20 40
54 10 78 99
23 39 94 55
24 70 18 25
59 74 88 46
25 50 87 95
90 20 97 68
28 11 41 32
25 39 58 45
26 78 29 48
29 63 53 99
57 61 22 22
43 99 65 12
56 88 75 50
43 38 98 22
45 71 44 47
57 16 27 32
14 14 25 11
85 78 32 61
58 46 31 24
83 26 92 96
62 47 15 27
27 97 50 84
92 41 24 95
59 16 67 64