1002 1000 1002 1007
4933 1009 1002 1000
1003 1009 1006 1007
1000 1001 1008 1006
1002 1005 7074 1008
1003 1002 1003 1005
1009 1003 1002 1007
1008 1003 1001 1001
2721 1008 1000 6765
6205 1008 1007 1003
1000 1001 1001 1003
1004 1003 1004 1003
1003 1008 9823 1009
1005 1005 1002 1000
1000 1009 1003 1001
1004 1008 1008 1009
1003 1007 1004 1003
1003 9236 1005 1003
1007 1000 1009 1005
1001 1008 1007 1000
1001 1001 1004 1004
1006 1000 1000 1000
9342 1004 1002 5193
1003 1009 1006 1004
1000 8043 1008 1008
1004 1007 1002 1007
1000 1002 1002 1004
1004 1000 7910 1000
1009 1000 1003 6164
1009 1008 1002 1003
1005 8492 1008 1003
1009 1002 1002 1005
1002 1008 1009 5289
1006 1008 1009 1007
1004 3994 1007 1000
1009 1005 1005 3172
1001 1006 1005 2078
1000 1002 1009 1005
1004 1009 1002 5075
1004 1001 1006 1003
1002 1004 1007 1008
1007 1008 1003 1007
1005 1001 1007 1003
1002 1003 1001 1008
1008 1003 1004 1004
2090 1001 1003 1003
1002 1005 1009 1006
4700 1008 1008 1003
1002 1009 1006 1006
1004 1006 1001 1008