112377
125150
166142
158241
138619
156694
133541
128759
131389
108189
146746
187518
161777
155213
176815
111175
111382
133566
190151
134430
122143
125715
187986
130950
125908
166459
198777
101450
114831
164035
128435
198253
183493
106385
105737
143457
122938
101190
110389
150707
157329
197273
186896
136595
105731
173439
139836
173437
160286
120294
172186
175165
145439
116135
157409
143008
131810
189447
192708
157648
148388
160165
105473
140718
118906
172571
125424
190294
142219
111860
106871
135710
117599
173012
160574
162135
132360
186408
184429
157370
118130
127727
130246
133396
185663
119629
199349
120976
167536
128149
191323
196041
106202
158267
147708
158004
124031
169385
180213
187866