4051
4980
5299
3779
8402
7711
2667
5355
7215
4583
8207
1147
6988
6810
2332
3955
1513
3834
4295
8711
3558
4996
8087
1249
6671
6227
5380
9688
1367
5417
6513
2870
7667
6476
1477
8648
8883
5076
1161
7334
8547
3303
5100
2547
2831
6409
6436
3192
9095
9261
1457
4797
1019
1865
8879
9677
7387
9758
3757
3842
6461
7111
4053
3446
5729
4941
6878
7772
7771
9267
1108
4556
4073
2316
1824
1902
6178
5061
8016
7007
2966
2787
1830
1849
7772
7556
3300
3163
7348
7879
5260
2094
7162
2361
8395
9160
6127
9495
6787
5473
9421
5559
9030
2340
5391
1262
6958
6255
8793
2837
7488
5457
9851
9048
7567
3819
3727
5544
4361
7646
7874
6113
9025
7707
1769
4947
1498
2609
3301
6111
9643
1297
9472
3155
4659
1387
6445
1583
2545
8592
7736
2212
6182
5228
8382
4880
9965
1339
4732
4036
7714
7054
4953
7350
1249
3291
7874
1724
9631
8076
4965
4095
2946
4673
8778
6335
8570
3887
8735
9024
6946
1248
8791
3219
7664
7816
1423
5982
8091
2192
4146
1735
3499
8676
1563
9501
6237
4668
3770
1708
8287
4982
9011
1460
9146
9482
8137
4195
2945
6629