27158462
27696072
27129197
27519148
27928718
27324913
27559675
27728843
27106204
27248850
27393628
27630205
27937997
27064601
27089679
27356106
27816094
27788579
27984680
27894082
27324078
27612008
27118140
27215264
27447924
27029559
27847509
27627482
27111011
27662230
27852438
27742908
27540614
27746605
27536506
27944599
27517341
27545508
27062385
27294057
27280825
27913114
27156170
27768455
27907599
27749721
27757829
27952498
27771259
27508471
27687443
27050969
27911862
27027619
27968229
27632818
27305996
27123212
27794816
27121289
27009712
27836066
27755224
27914659
27363458
27644092
27392478
27004037
27170884
27043913
27366674
27581364
27894788
27976181
27614152
27595527
27330033
27258565
27662693
27518180
27593399
27032605
27093295
27550802
27163932
27381741
27403759
27715207
27524495
27863683
27579334
27515039
27530569
27189973
27737884
27843102
27073655
27088226
27131470
27520535
27467861
27302762
27201988
27814692
27521800
27008502
27872385
27539202
27098400
27459885
27064283
27168480
27203767
27619211
27831223
27736123
27853235
27999699
27042173
27330495
27320615
27763871
27861368
27051549
27326658
27541408
27987636
27365134
27420203
27927435
27129639
27595677
27268470
27607114
27622069
27369576
27532950
27266711
27798649
27918915
27888891
27547967
27559101
27773554
27025119
27187912
27453393
27523796
27541297
27272899
27237677
27737256
27621429
27510919
27727848
27761456
27829072
27349556
27595190
27632324
27329510
27809167
27744833
27615053
27427656
27577246
27529801
27753142
27183653
27883040
27300567
27717864
27265265
27987665
27691266
27836253
27464738
27322719
27301627
27514776
27903020
27737754
27997010
27781986
27361622
27239488
27459946
27101965
27066238
27665181
27275323
27951881
27282310
27665973
27151870
27032175
27250921
27258150
27073241
27202397
27662001
27447352
27785053
27786483
27207300
27872695
27084233
27109105
27464460
27228166
27495757
27552835
27948462
27803759
27618844
27572134
27646778
27960469
27121361
27239357
27701189
27715580
27469052
27658308
27742817
27389355
27188880
27759482
27759651
27354676
27799934
27310299
27935816
27862945
27703718
27374498
27200293
27579758
27440165
27182754
27734811
27136708
27581543
27268768
27734476
27476374
27092241
27178226
27897790
27190379
27649431
27385534
27424428
27420245
27981909
27256569
27575461
27651708
27206456
27803910
27090153
27929165
27069794
27081671
27998825
27412686
27590181
27058811
27706591
27180149
27550896
27341020
27582387
27615689
27163018
27953315
27112780
27496870
27606614
27981667
27517512
27101651
27018081
27484233
27377717
27779116
27432415
27056276
27841726
27393471
27820812
27543938
27726693
27026049
27635146
27875996
27680331
27785190
27785694
27393293
27769965
27937245
27939174
27527398
27985265
27738934
27309947
27340791
27059209
27490115
27825737
27920301
27871155
27728811
27275209
27094312
27767073
27067810
27634907
27021566
27219701
27059760
27787151
27757845
27492732
27541193
27785266
27536105
27449550
27684300
27276474
27819612
27912878
27603906
27704813
27070591
27800600
27586996
27105199
27817640
27284918
27942403
27673295
27454446
27126492
27775689
27494595
27043112
27582555
27307464
27347092
27729360
27417322
27161992
27985483
27840735
27490940
27448769
27227467
27298871
27419124
27999462
27311668
27499835
27051328
27831266
27157123
27501773
27844086
27685161
27958542
27278187
27298345
27275571
27503213
27625056
27369772
27140040
27042177
27247609
27060643
27008642
27496828
27327942
27788221
27939009
27427828
27542619
27680787
27381233
27429092
27009564
27484050
27624388
27902883
27175895
27784104
27533276
27784174
27956606
27877046
27544342
27541309
27185079
27031841
27560709
27613705
27300409
27758357
27512229
27285388
27755929
27506450
27223297
27885572
27694101
27754013
27645837
27020444
27964912
27615396
27400627
27792012
27906987
27876126
27497067
27600807
27097547
27029993
27363502
27777185
27234657
27464636
27473844
27419276
27854499
27140126
27063011
27108938
27004286
27645441
27913330
27471571
27290783
27438434
27179922
27671040
27596123
27583364
27344575
27243488
27184153
27660016
27556210
27002895
27273270
27598342
27236928
27992267
27025993
27384365
27314616
27133388
27910107
27141929
27119251
27105119
27022632
27353432
27010200
27431857
27409016
27248452
27288182
27794394
27104544
27579864
27706573
27764727
27352014
27063404
27152089
27937978
27760739
27455856
27460413
27931608
27858699
27597078
27440206
27910800
27274518
27405389
27450928
27737113
27691460
27590179
27642774
27348792
27821750