3598 2780
3528 2716
3748 2733
3920 2918
3501 2960
3631 2943
3654 2916
3700 3071
3806 3443
3517 2538
3861 2833
3852 2837
3765 3101
3540 3034
3648 3172
3947 2777
3750 2859
3740 3398
3979 2935
3594 2528
3892 3237
3886 2525
3678 2942
3908 2768
3514 2886
3505 2524
3870 3388
3919 2701
3705 2774
3544 2607
3814 2982
3931 3065
3900 2788
3922 2754
3895 3159
3747 2666
3535 3258
3732 2842
3862 3134
3820 3176
3785 2812
3612 3296
3859 3370
3665 2541
3647 2813
3555 2786
3991 3260
3787 3103
3847 2623
3595 3074
3998 2593
3510 2518
3681 2648
3745 3153
3891 3081
3689 3473
3661 2668
3672 2744
3968 2548
3996 3287
3742 3166
3857 2846
3989 3243
3683 2635
3698 3368
3836 3440
3858 3459
3558 2624
7198 3600
3626 2895
3645 2710
3603 3171
3961 3355
3669 3221
3822 2688
3700 3700
3906 3099
3518 2819
3633 3053
3773 2698
3912 3150
3953 3479
3782 2997
3737 2868
3757 2529
3923 2515
3569 3458
3756 2519
3973 2968
3890 3195
3856 3005
3716 2709
3994 2563
3827 2551
3854 3129
3596 3016
3717 3323
3635 2919
3784 2677
3966 2764
3606 2828
3753 3130
3566 3383
3592 2976
3949 3307
3597 2999
3564 2732
3887 3064
3616 3378
3727 2630
3687 2827
3997 3415
3824 2838
3988 3490
3629 2952
3691 3295
3685 3233
3959 2686
3896 2510
3670 3105
3724 2719
3718 3044
3978 2692
3901 2571
3964 2990
3715 3462
3839 3365
3761 3294
3816 3301
3769 3057
3939 2930
3739 3000
3790 2969
3532 3012
3941 2647
3807 2843
3884 2540
3562 3400
3937 3457
3730 3152
3580 2929
3849 3240
3512 2794
3511 2586
3864 2877
3692 3320
3834 3445
3746 2544
3905 3424
3831 3250
3828 3304
3776 3339
3793 2727
3775 2981
3573 3102
3804 3324
3529 2964
3542 3337
3547 2694
3789 2721
3642 2865
3915 3316
3620 2706
3696 3247
3969 2911
3758 2787
3815 2965
3933 2663
3624 2757
3797 3124
3676 3308
3825 2850
3883 2521
3823 2741
3667 3145
3651 3132
3627 3496
3976 2613
3830 2715
3889 3186
3779 3489
3523 2914
3634 3284
3641 3043
3524 3060
3918 2699
3653 2871
3874 2945
3764 3351
3673 2948
3853 3261
3525 3086
3970 2888
3794 2904
3636 3325
3703 3480
3813 3263
3662 2765
3835 3396
3907 3181
3987 3148
3799 3377
3812 3286
3704 2894
3646 3010
10 10
3810 2808
3591 3392
3734 2641
3903 3020
3863 3363
3690 3485
3946 2580
3879 2861
3526 2574
7202 3602
3549 2967
3924 3182
3798 2818
3872 2665
3819 2629
3583 3404
3582 3087
3935 2977
3601 2851
3539 2832
3625 2944
3986 3418
7200 3601
3917 3218
3926 2746
3910 2690
3561 2864
3904 2731
3639 2892
3563 2752
3622 3202
3714 2836
3660 3238
3686 2932
3809 2811
3851 3405
3855 3051
3952 2594
3780 3395
3783 2862
3955 3276
3527 3312
3550 2511
3605 2781
3579 3168
3927 3094
3694 3441
3565 3228
3954 2835
3728 3257
3945 3007
3771 3482
3577 3156
3735 2816
3992 2600
3602 2740
3800 2840
3541 3177
3938 3314
3587 3143
3934 3436
3878 2660
3637 3042
3995 3341
3632 3366
3588 2873
3893 3289
3604 2738
3615 3174
3971 2646
3733 2770
3712 3173
3554 2674
3671 2983
3754 2523
3723 2880
3796 3122
4000 3085
3503 3061
3623 2866
3619 3224
3663 3311
3610 3246
3759 3252
3543 3345
3762 3038
3570 2879
3818 3315
3574 2928
3567 2847
3763 3104
3614 3023
3897 2796
3972 3154
3882 2693
3848 2897
3515 3264
3817 2654
3504 3161
3838 2785
3768 2505
3888 3035
3801 3343
3877 3030
3581 2803
3975 2793
3921 2567
3531 3013
3962 2531
3557 2675
3752 3277
3628 3127
3708 3207
3821 3058
3965 2605
3658 3422
3649 2621
3999 2804
3611 3080
3984 3435
3655 2988
3551 2961
3599 2566
3507 2763
3977 3327
3702 3092
3559 2614
3553 2980
3644 3235
3898 3467
3701 3049
3929 3491
3868 2749
3546 2925
3881 3322
3534 2697
3869 2532
3957 3454
3640 2533
3811 2739
3808 2570
3688 3054
3982 3336
3981 2917
3967 3483
3679 3429
3552 3194
3894 3259
3944 3136
3865 2587
3725 2717
3844 2830
3684 2626
3833 3039
3675 2889
3777 2915
3909 2922
3729 3126
3928 2650
3695 3004
3880 3384
3693 2820
3726 2723
3720 2679
3656 2779
3682 3369
3860 3079
3873 3450
3706 3050
3584 3463
3709 3342
3502 3408
3914 2608
3832 2552
3536 3167
3548 3402
3533 3379
3837 3498
3576 2726
3902 2554
3731 2543
3841 3204
3850 2712
3520 2539
3721 2575
3772 3116
3711 3426
3736 2588
3545 2645
3697 2745
3875 2791
3867 3444
3578 3391
3840 3362
3508 2664
3786 2760
3630 3299
3871 2778
3792 2994
3664 3096
3652 2597
3743 2622
3568 3001
3590 3027
3741 2906
3674 2876
3509 3063
3677 3128
3803 3285
3609 2577
3613 3226
3638 3406
3618 3077
3948 2596
3911 3319
3960 3317
3571 2609
3983 2507
3899 3330
3802 3326
3940 2799
3530 3241
3925 3410
3586 2962
3572 2822
3519 2604
3538 2576
3843 3179
3585 2659
3607 2920
3593 2520
3699 2652
3738 2602
3589 3280
3951 2591
3781 3190
3788 2817
3766 3110
3942 2558
3516 2503
3950 3305
3956 2638
3795 2848
3846 2810
3668 2809
3666 2824
3930 2896
3760 3184
3767 3387
3866 3253
3842 2926
3521 2971
3958 3003
3963 3048
3829 3142
3993 3185
3976 1989
3722 2568
3617 2986
3932 2775
3600 2802
3744 3029
3522 2592
3713 3349
3710 2921
3913 3215
3826 2637
3719 2735
3749 2772
3876 3421
3700 3702
3680 2703
3845 3239
3990 3073
3643 2834
3791 2784
3575 3432
3943 2939
3755 3162
3916 3223
3707 2995
3885 2643
3751 3288
3778 2546
3657 3271
3974 3420
3556 2973
3700 3701
3770 3361
3537 2579
3936 3318
3805 2689
3774 2910
3560 2885
3650 3292
3608 2655